At epoch 2026-07-14 22:04:06.151 UTC:
xp:  0.0000010351801974857208
yp:  0.0000018344709940745181
dut1: 0.012093713101747259
lod:  -0.0000000005167996428297381
dX:   -0.00000000011657973614460306
dY:   0.0006484
