At epoch 2026-07-22 05:14:55.806 UTC:
xp:  0.000001039265830688299
yp:  0.0000017956902558777427
dut1: 0.009378192294410833
lod:  -0.0000000003254321248733378
dX:   0.00000000013938205046186816
dY:   0.0001109
