At epoch 2026-06-12 07:29:31.022 UTC:
xp:  0.0000009165447654338451
yp:  0.000001960130840500603
dut1: 0.012135948738586097
lod:  -0.00000000033328989331955823
dX:   -0.0000000006226907018597469
dY:   0.0009266
