At epoch 2026-07-20 06:36:07.792 UTC:
xp:  0.0000010440088982962961
yp:  0.0000018117051773835486
dut1: 0.009910419665234262
lod:  -0.00000000044638913625258696
dX:   0.0000000001755060504233873
dY:   0.0006484
