At epoch 2026-07-15 21:36:18.153 UTC:
  x_pole: 1.0371196599944246e-06 arcseconds
  y_pole: 1.8302376459337223e-06 arcseconds
  dut1: 0.011997455249352543 seconds
  length of day: -5.274793223056648e-10 seconds
  dX: -5.477070378519502e-11 arcseconds
  dY: 0.0006484 arcseconds
