At epoch 2026-07-22 02:08:49.815 UTC:
  x_pole: 1.04558783640637e-06 arcseconds
  y_pole: 1.8035254567040809e-06 arcseconds
  dut1: 0.009400422813489379 seconds
  length of day: -3.799666227855007e-10 seconds
  dX: 2.3444552995602454e-10 arcseconds
  dY: 0.0006484 arcseconds
