At epoch 2026-04-20 20:42:49.754 UTC:
xp:  0.0000007256501308820085
yp:  0.000002014782378599509
dut1: 0.03882148736443004
lod:  0.00000000025741373004503793
dX:   -0.000000001172383933375041
dY:   0.0011107
