At epoch 2026-07-19 21:42:30.830 UTC:
  x_pole: 1.0436232573271388e-06 arcseconds
  y_pole: 1.8133415668645842e-06 arcseconds
  dut1: 0.010067857330627544 seconds
  length of day: -4.5896504237696294e-10 seconds
  dX: 1.6067070311924343e-10 arcseconds
  dY: 0.0006484 arcseconds
