At epoch 2026-07-01 03:15:25.349 UTC:
xp:  0.000001000734103274826
yp:  0.0000018905168042607654
dut1: 0.014557187706912625
lod:  -0.000000000249228800159061
dX:   -0.0000000002104437056702981
dY:   -0.000023800000000000003
