At epoch 2026-06-22 03:20:43.023 UTC:
xp:  0.0000009536184693180222
yp:  0.0000019276541848279794
dut1: 0.010980228476986218
lod:  -0.0000000002791646355511739
dX:   -0.00000000040747903478986817
dY:   -0.00011690000000000001
