At epoch 2026-07-18 08:55:30.731 UTC:
xp:  0.0000010415593020851826
yp:  0.0000018199139833248614
dut1: 0.010897268602717891
lod:  -0.0000000005048877925213668
dX:   0.00000000009075147107591295
dY:   0.0006484
