At epoch 2026-04-06 18:48:06.600 UTC:
  x_pole: 6.430058136724168e-07 arcseconds
  y_pole: 2.0022059034497974e-06 arcseconds
  dut1: 0.04784099406009764 seconds
  length of day: 8.020426924579584e-10 seconds
  dX: -9.698731020187542e-10 arcseconds
  dY: 0.0009216 arcseconds
