At epoch 2026-04-17 19:43:01.550 UTC:
  x_pole: 7.13365271194802e-07 arcseconds
  y_pole: 2.0144968267887046e-06 arcseconds
  dut1: 0.040609406221967896 seconds
  length of day: 4.039463019252303e-10 seconds
  dX: -1.2322919208048756e-09 arcseconds
  dY: 0.0011107 arcseconds
