At epoch 2026-04-14 21:02:28.959 UTC:
  x_pole: 7.082044694315431e-07 arcseconds
  y_pole: 2.0106753569296187e-06 arcseconds
  dut1: 0.04444751465004252 seconds
  length of day: 5.247272248538156e-10 seconds
  dX: -1.2490263214426192e-09 arcseconds
  dY: 3.7e-05 arcseconds
