At epoch 2026-04-14 20:57:54.804 UTC:
xp:  0.0000007081863322184491
yp:  0.000002010673680121962
dut1: 0.044450961573687456
lod:  0.0000000005248810604186509
dX:   -0.0000000012489801707731687
dY:   0.000037
