At epoch 2026-04-17 20:05:07.678 UTC:
xp:  0.0000007134148300096177
yp:  0.0000020145044168774604
dut1: 0.040591971624878535
lod:  0.00000000040297893767207245
dX:   -0.0000000012322175081700174
dY:   0.0011107
