At epoch 2026-07-09 22:11:36.557 UTC:
xp:  0.000001008911133025327
yp:  0.0000018520185082735002
dut1: 0.01163894161766027
lod:  -0.0000000004815293495258472
dX:   -0.0000000002785333526215613
dY:   -0.0004582
