At epoch 2026-07-14 02:13:18.109 UTC:
  x_pole: 1.033548476617555e-06 arcseconds
  y_pole: 1.838147377455619e-06 arcseconds
  dut1: 0.011993156597598503 seconds
  length of day: -4.967539319186093e-10 seconds
  dX: -1.6869858451353795e-10 arcseconds
  dY: 0.0006484 arcseconds
