At epoch 2026-07-22 02:06:10.808 UTC:
xp:  0.0000010455865426662192
yp:  0.000001803533950777346
dut1: 0.009400463485576684
lod:  -0.0000000003800290792065675
dX:   0.0000000002344098405725578
dY:   0.0006484
