At epoch 2026-07-20 02:15:44.464 UTC:
xp:  0.000001043832688227705
yp:  0.0000018125082043628002
dut1: 0.009981267115932368
lod:  -0.00000000045252580530800366
dX:   0.00000000016849271436005394
dY:   0.0006484
