At epoch 2026-04-16 18:31:49.306 UTC:
xp:  0.0000007187663030408804
yp:  0.000002011344355622106
dut1: 0.04221688528172887
lod:  0.0000000004242455057442804
dX:   -0.0000000012605155708847938
dY:   0.000037
