At epoch 2026-07-16 08:22:32.638 UTC:
xp:  0.0000010379802911171146
yp:  0.0000018283428108915327
dut1: 0.011860692188103464
lod:  -0.0000000005284469124093943
dX:   -0.00000000002648607311125769
dY:   0.0006484
