At epoch 2026-04-06 18:43:30.661 UTC:
xp:  0.0000006429883325833779
yp:  0.0000020021999422281145
dut1: 0.0478413817802394
lod:  0.0000000008020736598433241
dX:   -0.000000000969733748784609
dY:   0.0009216
