At epoch 2026-07-21 21:47:41.015 UTC:
  x_pole: 1.0454505491954934e-06 arcseconds
  y_pole: 1.8043562361287949e-06 arcseconds
  dut1: 0.009422982554231863 seconds
  length of day: -3.8656663089217144e-10 seconds
  dX: 2.300376998208488e-10 arcseconds
  dY: 0.0006484 arcseconds
