At epoch 2026-07-15 21:40:06.560 UTC:
  x_pole: 1.037124889125617e-06 arcseconds
  y_pole: 1.8302262648834798e-06 arcseconds
  dut1: 0.011997143834158275 seconds
  length of day: -5.275049553017065e-10 seconds
  dX: -5.460408931092404e-11 arcseconds
  dY: 0.0006484 arcseconds
