At epoch 2026-07-14 02:12:17.383 UTC:
xp:  0.0000010335470897593282
yp:  0.000001838150502146022
dut1: 0.011993071131010587
lod:  -0.000000000496736894348256
dX:   -0.00000000016874288219645674
dY:   0.0006484
