At epoch 2026-03-23 02:16:32.102 UTC:
xp:  0.0000005214442091315344
yp:  0.000001952633165088726
dut1: 0.05491424708944987
lod:  0.000000000757480032031583
dX:   -0.0000000014429060460512229
dY:   0.0009860000000000001
