At epoch 2026-07-12 23:30:10.509 UTC:
  x_pole: 1.031637410957867e-06 arcseconds
  y_pole: 1.843151177228896e-06 arcseconds
  dut1: 0.011697936782693664 seconds
  length of day: -4.5987010505455157e-10 seconds
  dX: -2.438126245537834e-10 arcseconds
  dY: 0.0006484 arcseconds
