At epoch 2026-07-15 21:36:25.455 UTC:
xp:  0.0000010371198271648741
yp:  0.0000018302372820921557
dut1: 0.011997445293699094
lod:  -0.0000000005274801417686524
dX:   -0.000000000054765377275776015
dY:   0.0006484
