At epoch 2026-07-16 08:23:40.628 UTC:
xp:  0.0000010379817866336351
yp:  0.0000018283395070208522
dut1: 0.011860410313555626
lod:  -0.0000000005284469124093943
dX:   -0.00000000002643647690012069
dY:   0.0006484
