At epoch 2026-07-18 04:50:09.272 UTC:
xp:  0.0000010413015711348756
yp:  0.0000018206310040455873
dut1: 0.010994644920725253
lod:  -0.0000000005090180962121842
dX:   0.00000000008249086369427831
dY:   0.0006484
