At epoch 2026-04-22 16:01:33.074 UTC:
xp:  0.0000007338770537424049
yp:  0.0000020146626443979212
dut1: 0.03853118644392724
lod:  0.0000000002100650379967052
dX:   -0.0000000011085655031689515
dY:   0.0011107
