At epoch 2026-07-08 04:36:32.073 UTC:
xp:  0.000001005952658169731
yp:  0.0000018594695482533948
dut1: 0.012338209854301504
lod:  -0.0000000003941751193533279
dX:   -0.00000000032893528432718265
dY:   -0.0004582
