At epoch 2026-04-06 18:42:16.482 UTC:
xp:  0.0000006429836332810369
yp:  0.00000200219833972023
dut1: 0.047841486007966054
lod:  0.0000000008020819845596058
dX:   -0.0000000009696962875613414
dY:   0.0009216
