At epoch 2026-06-17 04:23:13.130 UTC:
  x_pole: 9.315551900982626e-07 arcseconds
  y_pole: 1.9478192057359216e-06 arcseconds
  dut1: 0.012592921353760486 seconds
  length of day: -4.85699876182236e-10 seconds
  dX: -4.3716663589377264e-10 arcseconds
  dY: 0.0009266 arcseconds
