At epoch 2026-06-16 21:43:16.882 UTC:
  x_pole: 9.307261068143289e-07 arcseconds
  y_pole: 1.948546256811145e-06 arcseconds
  dut1: 0.012566996024800919 seconds
  length of day: -4.838930830278337e-10 seconds
  dX: -4.5017127798843346e-10 arcseconds
  dY: 0.0009266 arcseconds
