At epoch 2026-07-04 03:23:29.568 UTC:
xp:  0.0000010097045144463367
yp:  0.0000018775542357629572
dut1: 0.014991258000167625
lod:  -0.0000000003143914265343413
dX:   -0.0000000002486252009072761
dY:   -0.000023800000000000003
