At epoch 2026-07-21 20:41:52.419 UTC:
  x_pole: 1.0454135476132392e-06 arcseconds
  y_pole: 1.8045640653752289e-06 arcseconds
  dut1: 0.009433219654947846 seconds
  length of day: -3.883391617786015e-10 seconds
  dX: 2.2870830165602622e-10 arcseconds
  dY: 0.0006484 arcseconds
