At epoch 2026-07-13 23:38:53.784 UTC:
  x_pole: 1.0333408780397402e-06 arcseconds
  y_pole: 1.8386248580246756e-06 arcseconds
  dut1: 0.011977830228230863 seconds
  length of day: -4.940125990519033e-10 seconds
  dX: -1.7552763655907968e-10 arcseconds
  dY: 0.0006484 arcseconds
