At epoch 2026-07-09 22:13:02.501 UTC:
xp:  0.000001008912743768413
yp:  0.000001852014264399501
dut1: 0.0116386424030649
lod:  -0.000000000481572752782656
dX:   -0.00000000027850441711702215
dY:   -0.0004582
