At epoch 2026-07-21 01:50:22.527 UTC:
xp:  0.0000010447773636598368
yp:  0.000001808137362071585
dut1: 0.009609230484974664
lod:  -0.0000000004188150397859039
dX:   0.00000000020585139315054945
dY:   0.0006484
