At epoch 2026-07-13 05:42:09.449 UTC:
xp:  0.0000010320684597664478
yp:  0.0000018419889724338358
dut1: 0.011770184120937825
lod:  -0.0000000004686367360517728
dX:   -0.00000000022627936255934074
dY:   0.0006484
