At epoch 2026-07-18 04:46:00.901 UTC:
xp:  0.0000010412972228582078
yp:  0.0000018206431011742653
dut1: 0.010996287793539231
lod:  -0.0000000005090877801331413
dX:   0.00000000008235149585236398
dY:   0.0006484
