At epoch 2026-03-29 02:00:29.300 UTC:
  x_pole: 5.597768746157828e-07 arcseconds
  y_pole: 1.9778827354379752e-06 arcseconds
  dut1: 0.05385975339084375 seconds
  length of day: 7.025741821004654e-10 seconds
  dX: -1.0706269242353508e-09 arcseconds
  dY: 3.2300000000000006e-05 arcseconds
