At epoch 2026-07-18 08:58:50.051 UTC:
xp:  0.0000010415627916112642
yp:  0.0000018199042752843522
dut1: 0.010895950184417653
lod:  -0.0000000005048318706290327
dX:   0.00000000009086331486058144
dY:   0.0006484
