At epoch 2026-04-29 15:09:38.772 UTC:
  x_pole: 7.619872781612537e-07 arcseconds
  y_pole: 2.026603865175089e-06 arcseconds
  dut1: 0.034339402209363136 seconds
  length of day: 2.939507706026433e-10 seconds
  dX: -8.101474352643509e-10 arcseconds
  dY: 0.0001297 arcseconds
