At epoch 2026-07-01 07:53:31.392 UTC:
xp:  0.0000010013220989389504
yp:  0.0000018896825620048183
dut1: 0.01462932007981537
lod:  -0.00000000025203769664373134
dX:   -0.00000000021325260215496847
dY:   -0.000023800000000000003
