At epoch 2026-07-01 03:19:10.246 UTC:
  x_pole: 1.0007420283662446e-06 arcseconds
  y_pole: 1.890505560221826e-06 arcseconds
  dut1: 0.014558159917567173 seconds
  length of day: -2.492666588760285e-10 seconds
  dX: -2.104815643872656e-10 arcseconds
  dY: -2.3800000000000003e-05 arcseconds
