At epoch 2026-07-07 06:09:03.368 UTC:
xp:  0.0000010041415067021402
yp:  0.0000018635839241068555
dut1: 0.012922604618302162
lod:  -0.0000000003397354546163209
dX:   -0.00000000035254950390733505
dY:   -0.0004582
