At epoch 2026-07-09 22:15:09.489 UTC:
  x_pole: 1.008915123721671e-06 arcseconds
  y_pole: 1.8520079938639716e-06 arcseconds
  dut1: 0.011638200298574613 seconds
  length of day: -4.816368832596621e-10 seconds
  dX: -2.7846166346568477e-10 arcseconds
  dY: -0.0004582 arcseconds
