At epoch 2026-04-17 19:31:37.905 UTC:
  x_pole: 7.133397226833069e-07 arcseconds
  y_pole: 2.014492913953611e-06 arcseconds
  dut1: 0.04061839408832041 seconds
  length of day: 4.0444499659405544e-10 seconds
  dX: -1.2323302819332469e-09 arcseconds
  dY: 0.0011107 arcseconds
