At epoch 2026-07-22 02:04:47.993 UTC:
xp:  0.0000010455858688598295
yp:  0.0000018035383746648146
dut1: 0.009400484668433453
lod:  -0.0000000003800616077908963
dX:   0.00000000023439125281008416
dY:   0.0006484
