At epoch 2026-03-23 02:20:49.734 UTC:
  x_pole: 5.21451769846527e-07 arcseconds
  y_pole: 1.9526420847085167e-06 arcseconds
  dut1: 0.05491344347991484 seconds
  length of day: 7.573643805594201e-10 seconds
  dX: -1.4428482203151415e-09 arcseconds
  dY: 0.0009860000000000001 arcseconds
