At epoch 2026-03-23 02:21:48.898 UTC:
xp:  0.0000005214535061135003
yp:  0.00000195264413303877
dut1: 0.054913258936429676
lod:  0.0000000007573378219823903
dX:   -0.0000000014428349410266266
dY:   0.0009860000000000001
