At epoch 2026-07-21 21:41:54.917 UTC:
xp:  0.0000010454473059751068
yp:  0.000001804374452540308
dut1: 0.009423879844880523
lod:  -0.00000000038672199474302924
dX:   0.00000000022992117693270541
dY:   0.0006484
