At epoch 2026-07-16 08:25:35.121 UTC:
  x_pole: 1.03798430504117e-06 arcseconds
  y_pole: 1.828333943396043e-06 arcseconds
  dut1: 0.011859935644787037 seconds
  length of day: -5.284469124093943e-10 seconds
  dX: -2.6352958282892897e-11 arcseconds
  dY: 0.0006484 arcseconds
