At epoch 2026-07-17 22:30:58.649 UTC:
xp:  0.0000010408867878475286
yp:  0.0000018217342963010871
dut1: 0.011141804833923956
lod:  -0.0000000005148016548454131
dX:   0.00000000006912544068921056
dY:   0.0006484
