At epoch 2026-07-15 23:55:16.360 UTC:
xp:  0.000001037310554734225
yp:  0.0000018298221691470975
dut1: 0.011986086721715571
lod:  -0.0000000005284150808340987
dX:   -0.000000000048688273350374973
dY:   0.0006484
