At epoch 2026-07-21 04:20:03.838 UTC:
xp:  0.0000010448615259021392
yp:  0.0000018076646424112279
dut1: 0.009585945606371016
lod:  -0.00000000041478331560375264
dX:   0.00000000020887518628716286
dY:   0.0006484
