At epoch 2026-07-10 06:08:17.924 UTC:
xp:  0.0000010291188171675683
yp:  0.0000018544876010274007
dut1: 0.011277008115309732
lod:  -0.0000000003553774801676365
dX:   -0.0000000004202126501609982
dY:   0.0006484
