At epoch 2026-06-16 21:39:41.272 UTC:
xp:  0.0000009307185936580739
yp:  0.0000019485524391345688
dut1: 0.012566464984381827
lod:  -0.00000000048386888606727
dX:   -0.00000000045028016431096996
dY:   0.0009266
