At epoch 2026-07-10 22:19:35.338 UTC:
xp:  0.0000010295406604177378
yp:  0.0000018520906157376784
dut1: 0.011231141632318472
lod:  -0.00000000038480840459805776
dX:   -0.00000000037770131487261203
dY:   0.0006484
