At epoch 2026-07-10 22:19:57.252 UTC:
xp:  0.0000010295408190482648
yp:  0.0000018520897143719703
dut1: 0.01123112438462192
lod:  -0.0000000003848194718441323
dX:   -0.0000000003776853288505043
dY:   0.0006484
