At epoch 2026-04-29 15:04:55.085 UTC:
xp:  0.0000007619732381369992
yp:  0.0000020266037378279303
dut1: 0.034341649699831514
lod:  0.0000000002939348522077969
dX:   -0.00000000081019519044889
dY:   0.0001297
