At epoch 2026-03-29 01:55:35.835 UTC:
xp:  0.0000005597638326782581
yp:  0.0000019778698252371932
dut1: 0.053862223385065355
lod:  0.0000000007025906491932995
dX:   -0.000000001070659858421019
dY:   0.000032300000000000006
