At epoch 2026-07-20 06:35:30.383 UTC:
xp:  0.0000010440084763739855
yp:  0.0000018117071001737797
dut1: 0.009910589304349281
lod:  -0.00000000044640383006439625
dX:   0.00000000017548925749560522
dY:   0.0006484
