At epoch 2026-07-21 04:21:59.041 UTC:
  x_pole: 1.0448626054502869e-06 arcseconds
  y_pole: 1.807658578841392e-06 arcseconds
  dut1: 0.009585646931491653 seconds
  length of day: -4.147316007224245e-10 seconds
  dX: 2.0891397244815898e-10 arcseconds
  dY: 0.0006484 arcseconds
