At epoch 2026-07-20 20:58:32.399 UTC:
xp:  0.000001044592507695469
yp:  0.0000018090455444997554
dut1: 0.009675772244315482
lod:  -0.0000000004260644308087521
dX:   0.00000000019873428521634134
dY:   0.0006484
