At epoch 2026-07-15 23:57:49.301 UTC:
  x_pole: 1.037314056147544e-06 arcseconds
  y_pole: 1.829814548423992e-06 arcseconds
  dut1: 0.011985878198871385 seconds
  length of day: -5.284322446248772e-10 seconds
  dX: -4.857670871031457e-11 arcseconds
  dY: 0.0006484 arcseconds
