At epoch 2026-07-22 05:18:27.355 UTC:
  x_pole: 1.039266697240873e-06 arcseconds
  y_pole: 1.7956788957296153e-06 arcseconds
  dut1: 0.009378738551089692 seconds
  length of day: -3.253846425405169e-10 seconds
  dX: 1.3947701512751003e-10 arcseconds
  dY: 0.0001109 arcseconds
