At epoch 2026-07-19 21:40:29.554 UTC:
xp:  0.0000010436215288332433
yp:  0.000001813347664228877
dut1: 0.01006858736972653
lod:  -0.0000000004590126780355003
dX:   0.00000000016060945727255254
dY:   0.0006484
