At epoch 2026-07-20 21:03:04.160 UTC:
  x_pole: 1.0445955727841066e-06 arcseconds
  y_pole: 1.8090315762351193e-06 arcseconds
  dut1: 0.009674539887289248 seconds
  length of day: -4.2595768642834614e-10 seconds
  dX: 1.9885627879394817e-10 arcseconds
  dY: 0.0006484 arcseconds
