At epoch 2026-07-19 05:19:20.552 UTC:
xp:  0.0000010427824910483134
yp:  0.000001816307419564692
dut1: 0.010422959687800284
lod:  -0.0000000004821357665965577
dX:   0.00000000013087977197976444
dY:   0.0006484
