At epoch 2026-04-10 17:02:11.521 UTC:
xp:  0.0000006827972932638308
yp:  0.0000020071884382857243
dut1: 0.04742046168237244
lod:  0.00000000070797832022772
dX:   -0.0000000011377551448810423
dY:   0.000037
