At epoch 2026-04-17 16:23:58.289 UTC:
xp:  0.0000007129189389568367
yp:  0.0000020144284695991064
dut1: 0.04076642415643363
lod:  0.00000000041265849275638753
dX:   -0.0000000012329620893303494
dY:   0.0011107
