At epoch 2026-07-14 22:05:09.335 UTC:
xp:  0.0000010351816404675943
yp:  0.0000018344677429335403
dut1: 0.012093802027013571
lod:  -0.0000000005168173698797811
dX:   -0.00000000011653364581449126
dY:   0.0006484
