At epoch 2026-07-21 01:51:44.079 UTC:
xp:  0.0000010447781278707038
yp:  0.0000018081330696776127
dut1: 0.009609019053378003
lod:  -0.00000000041877843088208955
dX:   0.00000000020587884982841018
dY:   0.0006484
