At epoch 2026-07-14 02:10:47.197 UTC:
xp:  0.0000010335450301036989
yp:  0.0000018381551426969113
dut1: 0.011992944202579466
lod:  -0.0000000004967115914535481
dX:   -0.00000000016880866972269722
dY:   0.0006484
