At epoch 2026-04-17 19:27:29.395 UTC:
xp:  0.0000007133304355716709
yp:  0.0000020144914916031803
dut1: 0.04062166125784614
lod:  0.00000000040462627655091343
dX:   -0.0000000012323442265453128
dY:   0.0011107
