At epoch 2026-07-19 21:38:46.387 UTC:
xp:  0.0000010436200584214804
yp:  0.0000018133528511932055
dut1: 0.010069208406388112
lod:  -0.00000000045905320119431673
dX:   0.00000000016055735606836
dY:   0.0006484
