At epoch 2026-04-29 15:06:12.068 UTC:
xp:  0.0000007619770480964415
yp:  0.0000020266037723853855
dut1: 0.03434103981145979
lod:  0.0000000002939391718897043
dX:   -0.0000000008101822314031678
dY:   0.0001297
