At epoch 2026-07-21 04:18:39.004 UTC:
xp:  0.0000010448607309418687
yp:  0.0000018076691075174174
dut1: 0.00958616554529951
lod:  -0.000000000414821397532875
dX:   0.00000000020884662484032112
dY:   0.0006484
