At epoch 2026-04-17 20:09:26.303 UTC:
  x_pole: 7.134244951086777e-07 arcseconds
  y_pole: 2.014505897117857e-06 arcseconds
  dut1: 0.04058857148085639 seconds
  length of day: 4.027902795823125e-10 seconds
  dX: -1.2322029960092666e-09 arcseconds
  dY: 0.0011107 arcseconds
