At epoch 2026-06-12 07:33:32.026 UTC:
  x_pole: 9.165526901436129e-07 arcseconds
  y_pole: 1.9601229563610215e-06 arcseconds
  dut1: 0.01213497161157192 seconds
  length of day: -3.334521740656577e-10 seconds
  dX: -6.226230848822055e-10 arcseconds
  dY: 0.0009266 arcseconds
