At epoch 2026-07-18 08:32:32.563 UTC:
xp:  0.000001041535174282931
yp:  0.0000018199811081080484
dut1: 0.010906384607381156
lod:  -0.000000000505274456018988
dX:   0.00000000008997814408067075
dY:   0.0006484
