At epoch 2026-04-17 19:37:57.224 UTC:
xp:  0.0000007133538982076143
yp:  0.000002014495084979856
dut1: 0.040613407194349055
lod:  0.00000000040416829717063604
dX:   -0.0000000012323089973622144
dY:   0.0011107
