At epoch 2026-06-10 17:15:29.155 UTC:
xp:  0.0000009228416481902627
yp:  0.000001968732787656622
dut1: 0.01018594742832832
lod:  -0.00000000022682644008766845
dX:   -0.0000000006537360401424172
dY:   -0.0000547
