At epoch 2026-06-17 04:19:36.488 UTC:
xp:  0.00000093154773823805
yp:  0.000001947825952526163
dut1: 0.01259284287110381
lod:  -0.0000000004856877198034226
dX:   -0.0000000004372881996819073
dY:   0.0009266
