At epoch 2026-07-21 21:44:13.707 UTC:
xp:  0.0000010454486065481958
yp:  0.0000018043671475249935
dut1: 0.009423520019789553
lod:  -0.0000000003866596918405617
dX:   0.00000000022996790410955608
dY:   0.0006484
