At epoch 2026-07-21 20:02:37.112 UTC:
xp:  0.0000010453914764555714
yp:  0.0000018046880339135064
dut1: 0.009439326006357652
lod:  -0.0000000003893964627447216
dX:   0.00000000022791532593143611
dY:   0.0006484
