At epoch 2026-07-21 20:38:30.949 UTC:
xp:  0.0000010454116596724781
yp:  0.0000018045746694975878
dut1: 0.00943374198503592
lod:  -0.00000000038842960205458507
dX:   0.00000000022864047144903853
dY:   0.0006484
