At epoch 2026-07-15 15:04:09.667 UTC:
xp:  0.0000010365809993210377
yp:  0.0000018314100250463875
dut1: 0.012029534597158284
lod:  -0.0000000005248388288086707
dX:   -0.00000000007193391151565674
dY:   0.0006484
