At epoch 2026-07-20 02:18:21.772 UTC:
  x_pole: 1.0438344624428622e-06 arcseconds
  y_pole: 1.8125001188847698e-06 arcseconds
  dut1: 0.009980553770651397 seconds
  length of day: -4.524640167204338e-10 seconds
  dX: 1.685633298887052e-10 arcseconds
  dY: 0.0006484 arcseconds
