At epoch 2026-07-13 23:36:04.222 UTC:
xp:  0.000001033337538423204
yp:  0.0000018386336875521556
dut1: 0.011977285235764063
lod:  -0.0000000004939459970127228
dX:   -0.00000000017566084063744075
dY:   0.0006484
