At epoch 2026-07-18 09:02:15.899 UTC:
  x_pole: 1.0415663954310194e-06 arcseconds
  y_pole: 1.8198942492729823e-06 arcseconds
  dut1: 0.010894588583499757 seconds
  length of day: -5.047741171073173e-10 seconds
  dX: 9.097882190401219e-11 arcseconds
  dY: 0.0006484 arcseconds
