At epoch 2026-07-10 22:23:53.037 UTC:
  x_pole: 1.029542525785171e-06 arcseconds
  y_pole: 1.8520800164017979e-06 arcseconds
  dut1: 0.011230938813277 seconds
  length of day: -3.849385465120067e-10 seconds
  dX: -3.775133321080191e-10 arcseconds
  dY: 0.0006484 arcseconds
