At epoch 2026-07-20 20:59:42.912 UTC:
xp:  0.0000010445933029871027
yp:  0.0000018090419201856442
dut1: 0.009675452487418227
lod:  -0.0000000004260367340851959
dX:   0.00000000019876593861469135
dY:   0.0006484
