At epoch 2026-04-17 16:23:48.886 UTC:
xp:  0.0000007129185875511319
yp:  0.0000020144284157802147
dut1: 0.040766547779585244
lod:  0.00000000041266535202690083
dX:   -0.0000000012329626169665427
dY:   0.0011107
