At epoch 2026-03-29 04:37:07.835 UTC:
  x_pole: 5.601945572971709e-07 arcseconds
  y_pole: 1.9782961991023797e-06 arcseconds
  dut1: 0.05378064905473213 seconds
  length of day: 7.020468049775005e-10 seconds
  dX: -1.0695721699894212e-09 arcseconds
  dY: 3.2300000000000006e-05 arcseconds
