At epoch 2026-03-29 04:32:33.311 UTC:
xp:  0.0000005601823571037292
yp:  0.000001978284122143215
dut1: 0.05378295963222465
lod:  0.0000000007020622092621491
dX:   -0.0000000010696029785587182
dY:   0.000032300000000000006
