At epoch 2026-07-20 02:15:08.202 UTC:
xp:  0.0000010438322792335509
yp:  0.000001812510068236656
dut1: 0.009981431557121157
lod:  -0.00000000045254004888550336
dX:   0.00000000016847643598576857
dY:   0.0006484
