At epoch 2026-07-12 23:27:16.222 UTC:
xp:  0.0000010316348095470193
yp:  0.0000018431602528276425
dut1: 0.011697326776520186
lod:  -0.00000000045980164687435155
dX:   -0.0000000002439495409141833
dY:   0.0006484
