At epoch 2026-07-15 23:54:53.145 UTC:
xp:  0.0000010373100232337428
yp:  0.0000018298233259422651
dut1: 0.011986118374646028
lod:  -0.000000000528412475439577
dX:   -0.00000000004870520841476545
dY:   0.0006484
