At epoch 2026-06-10 14:21:19.123 UTC:
xp:  0.0000009224006908188776
yp:  0.00000196899431290614
dut1: 0.01034704000144216
lod:  -0.00000000021803074783929443
dX:   -0.0000000006554951785920921
dY:   -0.0000547
