At epoch 2026-07-18 04:53:11.433 UTC:
  x_pole: 1.041304760268007e-06 arcseconds
  y_pole: 1.8206221317136705e-06 arcseconds
  dut1: 0.010993439997367765 seconds
  length of day: -5.089669883094372e-10 seconds
  dX: 8.25930794997723e-11 arcseconds
  dY: 0.0006484 arcseconds
