At epoch 2026-07-01 00:38:23.194 UTC:
xp:  0.0000010004020780977553
yp:  0.000001890987878198297
dut1: 0.014516456515601498
lod:  -0.000000000247642692625284
dX:   -0.00000000020885759813652105
dY:   -0.000023800000000000003
