At epoch 2026-07-19 21:43:47.940 UTC:
  x_pole: 1.0436243563549596e-06 arcseconds
  y_pole: 1.813337689979043e-06 arcseconds
  dut1: 0.010067393150058458 seconds
  length of day: -4.589347542086725e-10 seconds
  dX: 1.607096450499026e-10 arcseconds
  dY: 0.0006484 arcseconds
