At epoch 2026-07-15 15:03:07.333 UTC:
xp:  0.0000010365795722340155
yp:  0.0000018314131310593186
dut1: 0.012029619585766512
lod:  -0.0000000005248318332840515
dX:   -0.0000000000719793824256815
dY:   0.0006484
