At epoch 2026-07-15 21:33:58.686 UTC:
xp:  0.0000010371164670397236
yp:  0.0000018302445953057185
dut1: 0.011997645402280797
lod:  -0.0000000005274636705669346
dX:   -0.00000000005487244008694151
dY:   0.0006484
