At epoch 2026-06-17 04:20:05.170 UTC:
xp:  0.0000009315487248389241
yp:  0.000001947825059274148
dut1: 0.012592853261939853
lod:  -0.0000000004856893292665125
dX:   -0.0000000004372721050510075
dY:   0.0009266
