At epoch 2026-04-14 22:50:30.636 UTC:
xp:  0.0000007086332768839738
yp:  0.000002010715000705967
dut1: 0.0443660210633905
lod:  0.0000000005210901811521139
dX:   -0.0000000012501174345531298
dY:   0.000037
