ECEF Cartesian state [x, y, z, vx, vy, vz] (m, m/s):
Position: [-735665.465, -1838913.314, 6586801.432]
Velocity: [-1060.370171, 7357.551468, 1935.662061]

Geocentric coordinates (spherical Earth model):
Longitude: -111.8041° = -1.951350 rad
Latitude:  73.2643° = 1.278704 rad
Altitude:  499999.3 m
