Cartesian state [x, y, z, vx, vy, vz] (m, m/s):
Position: [-3117582.037, -5092452.343, -3511765.495]
Velocity: [6408.435846, -1407.501408, -3752.763969]
