At epoch 2026-03-29 04:51:03.212 UTC:
  x_pole: 5.602316824838582e-07 arcseconds
  y_pole: 1.978332949287181e-06 arcseconds
  dut1: 0.05377361796779273 seconds
  length of day: 7.019999297417843e-10 seconds
  dX: -1.0694784195179885e-09 arcseconds
  dY: 3.2300000000000006e-05 arcseconds
