At epoch 2026-03-29 04:46:01.439 UTC:
xp:  0.0000005602182713186846
yp:  0.0000019783196735883223
dut1: 0.05377615788951995
lod:  0.0000000007020168630311448
dX:   -0.0000000010695122860967097
dY:   0.000032300000000000006
