At epoch 2026-04-17 20:12:39.315 UTC:
xp:  0.0000007134317081555599
yp:  0.000002014507001818731
dut1: 0.04058603395919358
lod:  0.00000000040264948437290024
dX:   -0.0000000012321921656085426
dY:   0.0011107
