At epoch 2026-07-21 21:39:27.964 UTC:
xp:  0.0000010454459289023223
yp:  0.0000018043821872365463
dut1: 0.009424260834879569
lod:  -0.0000000003867879623015659
dX:   0.00000000022987170126380289
dY:   0.0006484
