At epoch 2026-04-06 21:27:30.437 UTC:
xp:  0.000000643611694526252
yp:  0.0000020024125147241344
dut1: 0.047827555983670084
lod:  0.0000000008009693871367271
dX:   -0.0000000009747029759642956
dY:   0.0009216
