At epoch 2026-04-15 04:04:16.686 UTC:
xp:  0.0000007098573662821618
yp:  0.0000020108054733837603
dut1: 0.04411106970408536
lod:  0.0000000005097039511141624
dX:   -0.0000000012524641495667922
dY:   0.000037
