At epoch 2026-04-23 07:31:45.061 UTC:
xp:  0.0000007367581910895443
yp:  0.000002014673290964087
dut1: 0.03837778335532762
lod:  0.0000000001990589319950558
dX:   -0.0000000010819904770947034
dY:   0.0011107
