ECEF Cartesian state [x, y, z, vx, vy, vz] (m, m/s):
Position: [-735665.468, -1838913.309, 6586801.433]
Velocity: [-1060.370171, 7357.551470, 1935.662056]

Geodetic coordinates (WGS84 ellipsoid model):
Longitude: -111.8041° = -1.951350 rad
Latitude:  73.3622° = 1.280412 rad
Altitude:  519618.1 m
