At epoch 2026-07-01 16:11:24.370 UTC:
xp:  0.000001002374786005567
yp:  0.0000018881890203227235
dut1: 0.014758458474317258
lod:  -0.0000000002570664565161036
dX:   -0.00000000021828136202734074
dY:   -0.000023800000000000003
