At epoch 2026-06-06 05:41:56.256 UTC:
xp:  0.0000009078351134060754
yp:  0.0000019784038046733745
dut1: 0.015945088925693292
lod:  0.00000000006120982802515118
dX:   -0.0000000006701941023452877
dY:   -0.0000547
