Ground Station (Stanford):
Longitude: -122.17329° = -2.132326 rad
Latitude:  37.42692° = 0.653223 rad
Altitude:  32.0 m

Ground Station ECEF:
x = -2700408.551 m
y = -4292612.600 m
z = 3855145.604 m

Relative position in ENZ frame:
East:   50.0 km
North:  100.0 km
Zenith: 200.0 km

Target position in ECEF:
x = -2710296.807 m
y = -4402231.062 m
z = 4056108.325 m
Distance from Earth center: 6570.948 km
