At epoch 2026-06-17 05:25:34.491 UTC:
xp:  0.000000931683882008622
yp:  0.000001947702690221648
dut1: 0.012594276731173566
lod:  -0.0000000004859098140457915
dX:   -0.0000000004350672572582187
dY:   0.0009266
