Cartesian state [x, y, z, vx, vy, vz] (m, m/s):
Position: [1848964.106, -434937.468, 6560410.530]
Velocity: [-7098.379734, -2173.344867, 1913.333385]
