Geodetic coordinates (WGS84 ellipsoid model):
Longitude: -122.4194° = -2.136622 rad
Latitude:  37.7749° = 0.659296 rad
Altitude:  16.0 m

ECEF Cartesian coordinates:
x = -2706181.627 m
y = -4261070.165 m
z = 3885735.291 m
Distance from Earth center: 6370170.853 m
