ECEF Cartesian state [x, y, z, vx, vy, vz] (m, m/s):
Position: [-735665.468, -1838913.309, 6586801.433]
Velocity: [-1060.370171, 7357.551470, 1935.662056]

Geocentric coordinates (spherical Earth model):
Longitude: -111.8041° = -1.951350 rad
Latitude:  73.2643° = 1.278704 rad
Altitude:  499999.3 m
