At epoch 2026-04-10 16:52:03.483 UTC:
xp:  0.0000006827503801571896
yp:  0.0000020071800109858406
dut1: 0.047422102820648106
lod:  0.0000000007082171505888027
dX:   -0.000000001137482195896948
dY:   0.000037
