At epoch 2026-05-18 14:59:05.880 UTC:
xp:  0.0000008392518890036815
yp:  0.0000019924307730608863
dut1: 0.025548610223128817
lod:  -0.00000000016178530851867246
dX:   -0.0000000008563234218113531
dY:   0.0009417
