At epoch 2026-05-06 19:13:39.345 UTC:
xp:  0.0000007759485053605501
yp:  0.000002017775833558693
dut1: 0.031728906087148866
lod:  0.0000000002947444201292329
dX:   -0.000000000863960277722558
dY:   0.0008008
